// Gmsh project created on Mon Mar  2 12:49:27 2015
Point(1) = {0, 0, 0, 0.1};
Point(2) = {0.0, 0.5, 0.866025, 0.1};
Point(3) = {0.0, -0.5, 0.866025, 0.1};
Line(1) = {3, 1};
Line(2) = {1, 2};
Line(3) = {2, 3};
Line Loop(4) = {1, 2, 3};

Plane Surface(5) = {4};
